10242935
10334868
10507579
10514274
10689300
10690761
10691906
10719202
10734509
10754273
10775938
10779326
10781752
10786206
10787822
10789822
10829464
10832776
10833216
10846389
10852503
10855510
10856210
10856885
10875965
10902460
10906120
10919373
10947397
10951389
10953644
10961470
10974033
10975167
10995009
11015824
11016483
11038189
11041822
11047823
11067359
11070196
11084629
11161239
11208838
11219613
11251124
11253557
11373987
11374082
11424159
11446635
11524712
11743480
11973078
12023201
12184376
12193232
12202584
12203608
12225557
12231571
12246654
2520519
2520862
2524108
2524910
2525455
2526548
2532720
2534085
2535193
2535211
2536054
2536067
2536689
2537081
2537689
2537743
2540800
2542126
2543474
2543487
2544188
2548311
2549396
2549730
2549834
2551331
2551356
2551415
2551423
2551447
2551542
2553128
2554333
2560562
2594602
2606268
2607712
2642884
2642922
2642991
2643000
2643093
2643120
2643172
2643285
2643288
2643307
2644845
2650106
2650123
2650129
2650137
2650436
2650524
2650532
2650536
2650600
2650614
2650655
2650676
2650725
2650730
2650747
2650772
2650827
2650828
2650829
2650858
2650930
2651586
2651706
2651816
2651833
2653377
2663047
2667621
2676667
2679386
2682988
2683217
2683234
2683250
2683264
2683286
2683955
2684191
2684363
2684690
2684855
2684921
2685721
2687771
2687779
2687843
2687885
2687940
2688176
2688211
2688393
2688424
2688470
2688570
2690404
2690514
2690608
2690614
2690666
2691022
2692701
2693047
2693754
2701311
2701743
2702424
2702527
2702808
2702901
2702911
2702958
2703459
2703467
2703626
2703873
2703912
2703935
2704075
2704108
2704757
2705090
2705093
2705181
2705189
2705267
2705275
2705290
2705362
2705394
2705400
2705426
2705462
2705565
2705610
2705622
2705656
2705687
2705752
2705757
2705758
2705762
2705781
2705953
2705957
2706022
2706026
2706056
2706188
2706301
2706433
2708266
2708425
2708744
2708808
2709171
2709295
2710209
2710499
2710575
2710716
2712367
2712534
2712569
2712752
2712931
2714453
2714640
2714915
2715729
2715877
2717712
2718302
2718767
2718992
2720239
2720668
2723579
2724401
2724718
2727853
2729549
2730407
2730818
2731082
2731882
2732290
2733400
2733469
2733934
2733997
2735117
2735935
2736531
2736565
2736747
2738422
2738902
2738914
2739071
2740024
2747084
2747939
2749556
2752997
2753253
2753380
2754423
2754476
2755195
2755489
2755618
2755706
2755784
2755852
2755866
2755891
2755905
2757086
2757108
2757184
2757280
2757544
2757545
2757624
2758480
2758716
2759871
2761352
2761370
2762680
2762752
2762920
2763941
2764179
2764202
2764435
2764625
2764680
2764739
2764792
2765086
2765221
2765230
2765359
2765559
2765625
2765942
2765991
2766271
2766278
2766636
2766811
2766846
2767031
2768088
2768632
2768686
2768772
2768885
2769796
2769937
2770022
2770228
2770795
2771077
2772865
2774158
2774251
2774721
2774846
2776790
2777724
2781074
2781103
2781885
2781924
2781961
2785455
2789676
2795023
2795051
2795128
2795257
2795522
2803042
2805433
2808791
2811095
2811392
2811501
2813396
2815284
2816418
2816456
2816952
2817539
2817570
2818868
2819021
2819176
2828859
2829531
2829840
2833897
2836663
2836743
2836760
2838675
2838684
2840611
2840807
2845882
2852556
2852790
2853024
2853796
2853901
2854416
2855860
2856037
2856504
2856681
2857449
2857697
2858034
2858963
2859817
2859952
2859976
2860119
2860677
2863358
2865100
2866378
2867210
2867313
2867982
2868272
2868332
2868390
2869345
2869495
2869559
2870285
2870583
2871520
2871533
2871919
2871956
2873712
2873769
2873807
2873861
2873939
2873993
2874183
2874190
2874199
2874210
2874211
2874218
2874484
2874508
2874524
2874564
2874569
2874570
2874580
2874581
2874601
2874605
2874612
2874621
2874672
2874696
2874725
2874863
2874867
2876094
2876187
2876873
2877959
2878058
2879787
2882398
2882422
2882449
2883768
2884162
2885079
2885150
2885158
2885828
2888269
2888439
2888443
2888485
2888626
2888831
2888951
2888980
2888995
2889038
2889173
2889229
2889262
2889304
2889355
2889373
2889785
2889811
2889828
2889934
2890266
2891266
2891583
2891640
2891641
2891707
2891773
2891791
2891930
2891981
2892192
2892470
2892634
2893147
2894828
2895031
2895345
2895700
2896888
2900952
2901155
2901294
2902953
2903461
2904440
2905255
2905600
2907324
2909527
2910886
2911970
2911992
2912017
2912262
2912772
2913548
2914110
2918203
2918700
2918871
2919363
2919748
2920037
2923582
2924656
2924801
2925303
2925348
2925349
2925351
2925354
2925357
2925396
2925403
2925445
2925463
2925529
2925536
2925558
2925561
2925564
2925565
2925649
2925655
2925788
2926557
2926630
2926815
2927064
2927075
2927094
2927096
2927097
2927100
2927175
2927192
2927198
2927208
2927545
2927548
2928381
2928410
2928524
2928525
2928531
2928534
2928545
2928547
2928551
2928562
2928565
2928576
2928598
2928631
2928667
2928673
2928692
2928699
2928747
2928751
2928755
2928774
2928775
2928791
2928809
2928859
2928977
2929362
2929691
2929848
2929920
2930006
2930210
2930222
2930262
2930439
2930569
2930617
2930642
2931071
2931076
2931104
2931461
2931914
2932389
2932737
2932942
2932944
2940397
2941309
2941456
2941939
2941944
2942052
2942058
2942208
2942291
2942610
2942654
2942727
2942762
2942877
2942986
2943376
2944683
2946519
2946542
2946665
2946798
2946831
2947311
2947990
2948557
2948568
2948577
2948605
2948646
2948930
2949250
2949769
2949868
2950187
2950828
2951365
2951381
2951398
2951499
2951561
2951846
2951851
2952236
2952775
2953031
2953113
2953160
2953251
2953715
2953747
2953871
2954036
2956176
2956550
2956565
2956572
2956594
2956905
2956947
2957247
2957379
2957408
2957728
2957966
2958032
2958052
2958076
2958100
2958715
2958773
2958871
2958970
2959073
2959543
2960189
2960284
2961150
2962021
2962029
2962057
2962193
2962831
2963211
2963569
2965531
2965911
2968408
2968457
2968466
2968949
2969156
2969284
2970418
2970648
2970721
2971041
2971234
2971248
2971272
2971312
2971499
2971525
2971584
2971635
2971774
2972043
2972082
2972275
2972323
2972934
2972960
2972983
2973031
2973038
2973167
2973197
2974683
2974832
2975014
2975287
2975585
2975667
2975768
2976236
2976244
2977014
2977636
2977687
2978466
2979265
2979474
2981777
2982380
2982409
2982508
2982583
2982748
2982753
2984047
2984241
2984359
2984383
2984469
2984507
2984508
2984535
2984537
2984541
2984565
2984566
2984573
2984652
2985082
2985709
2985930
2985939
2985940
2985994
2989183
2989835
2991314
2991373
2993394
3000384
3000406
3001244
3001252
3002003
3002751
3003244
3021046
3021120
3021409
3022290
3023388
3025781
3029627
3029817
3029934
3032960
3032980
3033077
3033374
3033673
3033833
3033905
3033937
3033943
3033977
3033985
3033987
3033991
3033999
3034015
3034046
3034128
3034425
3034432
3034646
3034714
3034720
3034742
3034820
3034871
3035134
3035275
3035369
3035456
3035471
3035652
3035681
3035778
3035891
3036460
3036888
3036940
3037015
3037328
3037345
3038037
3039164
3039209
3039410
3039424
3039481
3039516
3042751
3042837
3042845
3046258
3047621
3053159
3053336
3053472
3054181
3054227
3054368
3054377
3054385
3054399
3054898
3055347
3056042
3056259
3056375
3056835
3057221
3057656
3057960
3058185
3058629
3059779
3060538
3060998
3062296
3062960
3063650
3064495
3064865
3065495
3065503
3066321
3066465
3066919
3066964
3066965
3067098
3067891
3068937
3069168
3069353
3069535
3070597
3071171
3071476
3071623
3071702
3071716
3072900
3072953
3072985
3073016
3073017
3074251
3074272
3074333
3074608
3074906
3074918
3076079
3076180
3076290
3076436
3076438
3076491
3076595
3076798
3080126
3080301
3080367
3080441
3080562
3080882
3082282
3082286
3082562
3082727
3082835
3083448
3083486
3083504
3083508
3083541
3083647
3083862
3084015
3084022
3084611
3084616
3084670
3084672
3084699
3084700
3084704
3084719
3084848
3084883
3084908
3084911
3084939
3085168
3085175
3085191
3085360
3085381
3085418
3085421
3085440
3085781
3086240
3086260
3086267
3086282
3086342
3086357
3086371
3086412
3086448
3086518
3086526
3086784
3087725
3088488
3089154
3089561
3092303
3092946
3093276
3093337
3094819
3094841
3094849
3094854
3097405
3098694
3098702
3098951
3100745
3100918
3105682
3105782
3105813
3107839
3111754
3112887
3113222
3114151
3114400
3115443
3115544
3115579
3115588
3116861
3118284
3119175
3120060
3120223
3120713
3120722
3120946
3120972
3121058
3121137
3121319
3121446
3121581
3122433
3125210
3125384
3125899
3125901
3126384
3132228
3132457
3132570
3132668
3132728
3133817
3133830
3133938
3133950
3134219
3136925
3138327
3139807
3139958
3140490
3140510
3141101
3142265
3144503
3144718
3145214
3145311
3146542
3146683
3146717
3146791
3148340
3149462
3150767
3150814
3152036
3152068
3152069
3152080
3152082
3152084
3152092
3152102
3152111
3152125
3152140
3152195
3152205
3152226
3152230
3152253
3152377
3152547
3152555
3152559
3152582
3152583
3152634
3152658
3152661
3152666
3152706
3152707
3152775
3152776
3152795
3152825
3152873
3152997
3153099
3154314
3154353
3154445
3154909
3154984
3155130
3156325
3156422
3157333
3157344
3158672
3164340
3164997
3168943
3169137
3169169
3169331
3169625
3169652
3169673
3169674
3169677
3169707
3169713
3169748
3169756
3169770
3169782
3169787
3169830
3169836
3169838
3170131
3170241
3171169
3171304
3171787
3171892
3171939
3172001
3172083
3172086
3172204
3172267
3172278
3172294
3172325
3172406
3172487
3172492
3172549
3172561
3172569
3172574
3172618
3172622
3172936
3173105
3173126
3173128
3173129
3173137
3173178
3173254
3173321
3173333
3173338
3176649
3176719
3176743
3176787
3176897
3177112
3179997
3180167
3182288
3182536
3182771
3182824
3183002
3183180
3183534
3183840
3184115
3184509
3185980
3187799
3188511
3188512
3188629
3188674
3188706
3188714
3188716
3188724
3188725
3188757
3188875
3189388
3189390
3189391
3189394
3189479
3189570
3189571
3189627
3189635
3189636
3189637
3189694
3189767
3189939
3189945
3189955
3190002
3190008
3190016
3190154
3190157
3190160
3190164
3190382
3190406
3190413
3190474
3190478
3190508
3190516
3190517
3190527
3190553
3190595
3190624
3190638
3190647
3190653
3190660
3190712
3190722
3190855
3191302
3191373
3196783
3197381
3198487
3200167
3234563
3324883
3341441
3359641
3365664
3450833
3570803
3573208
3573230
3573959
3579089
3580320
3581762
3581786
3581800
3582258
3583416
3588727
3589079
3589461
3591315
3591410
3591508
3591610
3591729
3607289
3610749
3612749
3616228
3616952
3617566
3620496
3623176
3623479
3624240
3628231
3636515
3638241
3639353
3639560
3643394
3645928
3645975
3659000
3659120
3660419
3661030
3661151
3661517
3669210
3672337
3675567
3682067
3683008
3683063
3683091
3685274
3685338
3685992
3686148
3686933
3686955
3694784
3695976
3697240
3698309
3699976
3701897
3702171
3702513
3702542
3708775
3709190
3710030
3711910
3712064
3713469
3713491
3719723
3721362
3723584
3724873
3725668
3725985
3727077
3729236
3730342
3733766
3733807
3738444
3743505
3744314
3744838
3745012
3745841
3747279
3750161
3750517
3764628
3767205
3767426
3770457
3774207
3774284
3775530
3778364
3780135
3782041
3787288
3788757
3790189
3791329
3792270
3792354
3793714
3793742
3795863
3796190
3797084
3801464
3802772
3819030
3829341
3829373
3829613
3829915
3830078
3830295
3831076
3831801
3831820
3832937
3834419
3834800
3836457
3836590
3840363
3841195
3850843
3851819
3852273
3856236
3861607
3863519
3865790
3866460
3866993
3867269
3867900
3871303
3871487
3871686
3873399
3873929
3874179
3876453
3878251
3879433
3881888
3882375
3884461
3884974
3885429
3887135
3888263
3889017
3889087
3890741
3890745
3891796
3891879
3893244
3896998
3905218
3914366
3923581
3925297
3925307
3926315
3933670
3940600
3941020
3973001
3974372
3974744
3981426
3981483
3981498
3981543
3986813
3987892
3988950
3989199
3989330
3991114
3991221
3993458
4001208
4001417
4001492
4001649
4005004
4005402
4005565
4005921
4007936
4012211
4013131
4016717
4016931
4020282
4024206
4024368
4024491
4024497
4024810
4024927
4025407
4028759
4030419
4033392
4033482
4033648
4033932
4034001
4034380
4034909
4036310
4036385
4038333
4039606
4040546
4041108
4046493
4047324
4047669
4047699
4047850
4050793
4052376
4054691
4055350
4059906
4060185
4062031
4062306
4063474
4066311
4067141
4068797
4070543
4070768
4079023
4079267
4079429
4079570
4080035
4080574
4083193
4090155
4092178
4092370
4094511
4096576
4096937
4097209
4097481
4098506
4099305
4100434
4100721
4100795
4102897
4105523
4105598
4106183
4108550
4124764
4125606
4129475
4132778
4137812
4139011
4143195
4147107
4147943
4150685
4151099
4153053
4159200
4159442
4159594
4159921
4160107
4160169
4160336
4160376
4160417
4164044
4170281
4173549
4177874
4178276
4178417
4179928
4179952
4180166
4181342
4182444
4183601
4187904
4191172
4193478
4195050
4195229
4195539
4204463
4204693
4204959
4205817
4219232
4256028
4256516
4256698
4257138
4259716
4259769
4259928
4260147
4260812
4261116
4261959
4924659
4926336
4927572
4930679
4933534
4933624
4934232
4934732
4937226
4938052
4940372
4940390
5237434
5239766
5239851
5239959
5240269
5241128
5241445
5242740
5243151
5243258
5243447
5243458
5245860
5246840
5248035
5248508
5248532
5248629
5249253
5249271
5249290
5249297
5249504
5249564
5260693
5272281
5273309
5273322
5273394
5273507
5273511
5274858
5274875
5274878
5275012
5275021
5275022
5275373
5275396
5275398
5275404
5275415
5276780
5277297
5279224
5281229
5282529
5282534
5284237
5284275
5284278
5284540
5285119
5285215
5285824
5285930
5286088
5287564
5288819
5289461
5289612
5289624
5289663
5289679
5289684
5289698
5289910
5290052
5290133
5290149
5290154
5290168
5290171
5290179
5290201
5292267
5292372
5293119
5293121
5293182
5293281
5293447
5293599
5294128
5294824
5295209
5295221
5295278
5295395
5295415
5295425
5295472
5295506
5295689
5295878
5295929
5297939
5298546
5300358
5300998
5301026
5301141
5301162
5301445
5301451
5301979
5302164
5302190
5302225
5302311
5302914
5303311
5303371
5303388
5303453
5303475
5303492
5303779
5304014
5304075
5304502
5304529
5304576
5305481
5305513
5305617
5305656
5305706
5306140
5306206
5308446
5308555
5308651
5310210
5310564
5310858
5312136
5315188
5315301
5315366
5315454
5315870
5316317
5316408
5316421
5316701
5316744
5316927
5317107
5317143
5317489
5317521
5322999
5325855
5326154
5327293
5328736
5328972
5329055
5329272
5329515
5329570
5329707
5329733
5329904
5329978
5330311
5330394
5330776
5330870
5331160
5331162
5331164
5331181
5331519
5332934
5333067
5333237
5333350
5333765
5334135
5334186
5334240
5334440
5334965
5335125
5336863
5337099
5337238
5338256
5339133
5339879
5340379
5340994
5341112
5341132
5341168
5341270
5341290
5341297
5341313
5341394
5341442
5341492
5341503
5341744
5341747
5341758
5341784
5341792
5342176
5342186
5342239
5342323
5345082
5345341
5347846
5348711
5348930
5349242
5349297
5349581
5349620
5349642
5349935
5350305
5350336
5350438
5350452
5350466
5350585
5350625
5352522
5352523
5353534
5353770
5354740
5355266
5355447
5355540
5355677
5355731
5356514
5357108
5357125
5357158
5357217
5358297
5358748
5359533
5359538
5359660
5359831
5359839
5359843
5361760
5361791
5361830
5361841
5361880
5361888
5361889
5361904
5361907
5361909
5361914
5361919
5361930
5361932
5361935
5361944
5361983
5362004
5362639
5362786
5363119
5365717
5366582
5369685
5371542
5371724
5371753
5371879
5371886
5372392
5372424
5372467
5372487
5372639
5375388
5378500
5378605
5378648
5378650
5378721
5378750
5378775
5380015
5380041
5380873
5380959
5381279
5381514
5381567
5381660
5382061
5382478
5382589
5382780
5382823
5382985
5383016
5383085
5383240
5383369
5383898
5383936
5383983
5384031
5384050
5384142
5384314
5384364
5384397
5384401
5384501
5384606
5384931
5384950
5385687
5386720
5386757
5386764
5386813
5387142
5387639
5387974
5388989
5389402
5390273
5391292
5391480
5391845
5391862
5392065
5392205
5392243
5392252
5394163
5395607
5395639
5395671
5395686
5395786
5395810
5395835
5395843
5395925
5395928
5396042
5396557
5401002
5401673
5401760
5402447
5402653
5402831
5402943
5403117
5403118
5404991
5405661
5406665
5406675
5406697
5406735
5406739
5406747
5406755
5406789
5406817
5406998
5407099
5407100
5407123
5407273
5407583
5408737
5409093
5409107
5409255
5411542
5412879
5413733
5414293
5414379
5414399
5414410
5414411
5414419
5414566
5414601
5414989
5414995
5415001
5415004
5415005
5415040
5415080
5415081
5415356
5415360
5415418
5415454
5415456
5415458
5415460
5415463
5415832
5415885
5415976
5416091
5416458
5418431
5420380
5420641
5420901
5420912
5420987
5421047
5421116
5421117
5421126
5421144
5421180
5421195
5421333
5421342
5421368
5421429
5421447
5423614
5465199
5523712
5524490
5524676
5525050
5527836
5529644
5531399
5533851
5535418
5535537
5535699
5535797
5535809
5536025
5536040
5536282
5536701
5536848
5537546
5537813
5544043
5544059
5546217
5546922
5547507
5547750
5549147
5549816
5549979
5554574
5555210
5556276
5557215
5557539
5557606
5558193
5558282
5558460
5563114
5564667
5566677
5568446
5569748
5569955
5570563
5571076
5571130
5571361
5571621
5571763
5571773
5571945
5573538
5574031
5574269
5575270
5579308
5579449
5582578
5592249
5592644
5592737
5592802
5593924
5594365
5594382
5595243
5597304
5597349
5597556
5597755
5598598
5599251
5600005
5601836
5601856
5602619
5603062
5603911
5607947
5609427
5609933
5613834
5613847
5614040
5617952
5635525
5635568
5635606
5635838
5645091
5645598
5646838
5647804
5647918
5647926
5648124
5654301
5659275
5663504
5664666
5665503
5665840
5665885
5669231
5669693
5670477
5671747
5673346
5677150
5677245
5680962
5681100
5681347
5826049
5827389
5828197
5829094
5833714
5833757
5834596
5835447
5836315
5836522
5836557
5914287
5954958
6014310
6021960
6026295
6026462
6027145
6029583
6033660
6033875
6055063
6058838
6063463
6109611
6135815
6358362
6358484
6359819
6359825
6363496
6365649
6365806
6369819
6370562
6370882
6378623
6385660
6391007
6391150
6391194
6391450
6409706
6410563
6410769
6412107
6413451
6413459
6433679
6435171
6445734
6446462
6559985
7115794
7122389
7122825
7126715
7130426
7130673
7132425
7136320
7147896
7148630
7152542
7152601
7152728
7154501
7154776
7155753
7155766
7155887
7157705
7161076
7161901
7167078
7169429
7173530
7262379
7262408
7262496
7262552
7262595
7262663
7262725
7263204
7263230
7263605
7263961
7264292
7264786
7265434
7265565
7265761
7265816
7265907
7268161
7268792
7268813
7269004
7269365
7269372
7269555
7269635
7270041
7270134
7270795
7270803
7271494
7271504
7272546
7272559
7272715
7273413
7273609
7273631
7273665
7273915
7274033
7275851
7276807
7277064
7277589
7278156
7278221
7278922
7279053
7279059
7279431
7285992
7287475
7287927
7287970
7288643
7289342
7289420
7289668
7289931
7290072
7290245
7290557
7291143
7291203
7291214
7291547
7291589
7291643
7291884
7293443
7293502
7293626
7293693
7293727
7293851
7293919
7294697
7295796
7296357
7296623
7296732
7298473
7298701
7299573
7299714
7300218
7300476
7300505
7300516
7300542
7300622
7300629
7300656
7300666
7300685
7300847
7300944
7303104
7303259
7303643
7303830
7303859
7304140
7304278
7304495
7304510
7304540
7304563
7304569
7304587
7306109
7306536
7307111
7307233
7307251
7307327
7307593
7307835
7307919
7307951
7308026
7308161
7308369
7308640
7308714
7308743
7308776
7308852
7308947
7309014
7309306
7310193
7310734
7310817
7311442
7311750
7312003
7312404
7313459
7313567
7313620
7313778
7315806
7315909
7316516
7317262
7317471
7317567
7317695
7317816
7317960
7318796
7318817
7318819
7318843
7318867
7318913
7319440
7319737
7319844
7319895
7320012
7321401
7321836
7322062
7322187
7322810
7324204
7324214
7325895
7326085
7326156
7326260
7326263
7326268
7326414
7326564
7326897
7326947
7327348
7327627
7327638
7328295
7328427
7328504
7328514
7328793
7329102
7329850
7329855
7330024
7330039
7330845
7330920
7330924
7330930
7330952
7330991
7331031
7331082
7331147
7331183
7331731
7339073
7342732
7347153
7351381
7353729
7356039
7358042
7365664
7366997
7367052
7370132
7370452
7373525
7376217
7383551
7393329
7394232
7403263
7412206
7414934
7422755
7426040
7429460
7439694
7440012
7447231
7448919
7451120
7461054
7462876
7467639
7469977
7473922
7474713
7475142
7493943
7516558
7520328
7521283
7533157
7535658
7537964
7548362
7550396
7551162
7552967
7567077
7567945
7575722
7580773
7583876
7584507
7587087
7587215
7591349
7596599
7604003
7613402
7617313
7620074
7623986
7624816
7627205
7629955
7645889
7647136
7648181
7648981
7653972
7657266
7659532
7673670
7678610
7685583
7685885
7693097
7696841
7701037
7707713
7708168
7711084
7716390
7719797
7724229
7729020
7732678
7736989
7740279
7740617
7743229
7758614
7763536
7769165
7769517
7769607
7777157
7777372
7778424
7780480
7791388
7795888
7796912
7797285
7797610
7799649
7799711
7804678
7810338
7812596
7816203
7818643
7822515
7823272
7828157
7835333
7840408
7846556
7851195
7861283
7863745
7873234
7874167
7879404
7883492
7888147
7890077
7891136
7903057
7908508
7910402
7911152
7916114
7920353
7924597
7948012
7952995
7953794
7956125
7966726
7970844
7976013
7976478
7985572
7986126
7987658
7989033
7996273
7997923
8001590
8004482
8014461
8017915
8019600
8023236
8028551
8028873
8031042
8034409
8037208
8040540
8047443
8047746
8049561
8068041
8068501
8077391
8081748
8082978
8093304
8096611
8104601
8108495
8114276
8120502
8125676
8129014
8130737
8146046
8149923
8151301
8160440
8168998
8170635
8189919
8190743
8195144
8198582
8207569
8211958
8213721
8217389
8219075
8222617
8225325
8227635
8228544
8234521
8234570
8238520
8241662
8246677
8254182
8260433
8265032
8276186
8297383
8298918
8302135
8302726
8307542
8312665
8314393
8315348
8317447
8323622
8324121
8339627
8356260
8364646
8365251
8370958
8373355
8381471
8383611
8385615
8394214
8394552
8396756
8400302
8403992
8404220
8406468
8413198
8413821
8414553
8417744
8418338
8424006
8427624
8429062
8524134
8544796
8582197
8588437
8592945
8602699
8618631
8637348
8658195
8661547
8677924
8682693
8684056
8685745
8688934
8699607
8707933
8715736
8733688
8750274
8777864
8813286
8879994
8911082
8924323
8971274
9031899
9064581
9070905
9072021
9109424
9118978
9129313
9130387
9150405
9151957
9154166
9197670
9206251
9208081
9223923
9227816
9264048
9273319
9294395
9338724
9359402
9362258
9364157
9381433
9402904
9410332
9444220
9450473
9452352
9452699
9464189
9469636
9477469
9483249
9499508
9512597
9531830
9579208
9590157
9605163
9609002
9627346
9636531
9645698
9649960
9684606
9705079
9713443
